# Ac matrix for the 1D \cos\theta_\mu cross section
# To transform generator predictions in the 1D \cos\theta_\mu bins (v) into the regularized space, compute Ac * v.
0.730424,-0.039674,0.144320,-0.001539,0.009296,0.124549,-0.086369,-0.040307,0.010501,0.093232,0.031502,0.020425,-0.064979,0.006433,-0.056048,0.021792,-0.033525,0.013645,0.024070,0.011293,-0.071579,0.061212,0.027945,-0.053144,0.003559,0.012193,0.039857,0.033050,-0.043116
-0.012317,0.725235,0.091296,0.041921,0.030310,0.040063,-0.046576,0.025832,-0.009820,0.055911,-0.009494,0.042224,-0.022065,-0.050255,-0.004313,0.039077,-0.054968,0.000323,-0.012409,0.053340,-0.036241,-0.000918,0.016926,-0.000872,0.004512,0.003969,0.053468,-0.047323,0.011375
0.009852,0.028580,0.765881,0.026182,0.019221,0.014252,0.060364,-0.023220,0.032935,0.030888,-0.073140,0.052481,-0.044323,0.017400,-0.007468,0.025959,-0.027534,-0.002825,-0.025396,0.014004,-0.025613,-0.001221,0.039184,0.008502,0.039468,-0.044401,0.006410,0.018465,-0.009773
-0.021004,0.059534,0.081408,0.660304,-0.016574,0.160585,-0.010886,-0.029702,0.001937,0.089015,-0.015618,-0.029543,-0.040285,0.010328,0.037636,0.036425,-0.091908,-0.016158,-0.006623,0.048857,-0.035810,0.049643,0.015097,-0.023971,-0.030175,0.020785,0.049951,-0.039370,-0.002901
-0.008400,0.031289,0.046796,-0.011869,0.698410,0.187144,-0.062240,-0.013361,0.034225,0.038452,0.005023,0.034864,-0.067223,-0.003999,0.014138,-0.009041,-0.059260,0.038965,-0.015706,0.017571,0.018024,0.011980,-0.013932,-0.006336,0.019392,-0.028956,0.021132,-0.008544,-0.015594
0.025218,-0.029059,-0.012523,0.066738,0.177767,0.530421,0.101650,0.104498,-0.033219,-0.032821,-0.004533,0.032474,0.045575,-0.024665,-0.074295,0.000637,0.015028,-0.009328,0.028170,0.010890,-0.044929,-0.012300,0.035538,0.049456,-0.032322,-0.019292,0.022766,-0.034148,0.043700
-0.025649,-0.030732,0.100303,0.025570,-0.026159,0.196303,0.521594,0.150937,-0.051937,0.020569,0.115272,-0.039946,-0.047626,-0.000161,0.037708,-0.041054,-0.032260,0.005548,-0.007548,-0.011375,0.016073,0.012912,0.013590,-0.018974,0.001360,0.020301,0.016280,0.018752,-0.040372
-0.036724,0.034742,0.034939,0.004299,-0.014841,0.118241,0.154998,0.354527,0.217374,0.091370,-0.013507,-0.008626,-0.013614,-0.035173,0.021299,0.039251,-0.059331,-0.049564,0.018145,0.030018,-0.034305,-0.002627,0.040373,0.019045,-0.006764,-0.014157,0.013603,0.026661,-0.007430
0.018339,-0.014975,0.012145,0.005851,0.097995,-0.031242,-0.054447,0.251403,0.554498,0.055567,-0.055079,0.049251,-0.017607,0.031317,0.026922,-0.039492,-0.023666,0.007006,-0.028555,0.042521,-0.061792,0.021585,0.053764,-0.014102,0.052791,-0.017659,-0.000445,0.004673,-0.011146
0.053082,-0.001615,-0.084401,0.070687,0.111098,-0.131998,0.024136,0.216091,0.024103,0.468967,0.061142,0.035752,0.038798,0.035294,-0.089592,0.044309,0.026454,-0.038834,0.026475,-0.051608,0.045363,-0.062154,0.032160,0.067622,0.036054,-0.050370,-0.005320,-0.018004,0.069500
0.050502,0.024044,-0.097798,0.026835,0.103490,-0.108090,0.120129,0.074177,-0.057091,-0.023348,0.617799,0.207071,-0.014435,-0.078153,-0.033794,0.039477,0.026003,0.019107,-0.068123,0.091819,-0.055205,-0.025511,0.054273,0.047419,-0.024024,-0.045043,0.007832,0.020933,0.012894
0.006926,0.027054,0.009973,-0.053898,0.065687,0.045178,-0.032462,0.019470,0.019508,-0.075225,0.204678,0.575700,0.065298,-0.045315,0.028509,-0.027655,-0.004309,-0.030004,0.138639,-0.067341,0.020780,-0.013726,0.029386,-0.014768,-0.019909,0.032320,-0.045203,0.014204,0.065189
-0.014851,0.018521,0.025463,0.011800,-0.038914,0.128416,-0.081313,-0.008680,0.024732,0.057715,-0.011133,0.077925,0.576359,0.105714,-0.020012,-0.000229,-0.082348,0.093429,-0.019951,0.074788,-0.028562,-0.031564,0.024299,0.042723,-0.032109,-0.058187,0.052459,0.033421,-0.070184
0.006286,-0.055183,0.067248,0.046521,-0.003779,0.005656,-0.002951,-0.074837,0.090354,0.081017,-0.093978,0.011480,0.114309,0.505531,0.181293,-0.013311,-0.028365,-0.072198,0.048247,0.098372,-0.055395,-0.014575,0.056704,0.030168,-0.052098,-0.055459,0.073399,-0.026252,0.085875
-0.029265,-0.004544,0.034307,0.073988,0.025018,-0.071934,0.015895,-0.039490,0.093461,-0.013103,-0.030540,0.063225,-0.098953,0.121033,0.549939,0.234432,-0.123813,-0.003379,-0.002624,0.065932,-0.047844,-0.003969,0.092021,0.010840,0.005944,0.009352,-0.033644,0.034992,-0.008519
-0.013081,-0.008796,0.049625,0.032853,-0.011120,0.050911,-0.093673,0.017890,-0.025569,0.065089,0.039403,0.004147,-0.062390,-0.096123,0.234315,0.552480,0.094118,-0.024463,-0.022916,0.030322,-0.004534,-0.058309,0.119436,0.068188,0.006239,-0.030292,0.010700,0.008321,0.018668
0.020387,-0.043450,0.088527,-0.064215,0.007886,0.122387,-0.081243,-0.083779,0.017946,0.054648,0.047045,0.039629,-0.066336,-0.052455,-0.011005,0.224598,0.437195,0.133487,-0.025031,0.081610,-0.060594,-0.074640,0.152247,0.129142,-0.103569,-0.034599,0.103954,-0.040602,0.077278
0.032414,-0.029229,0.035621,-0.064259,0.068532,0.072288,-0.048598,-0.122712,0.075916,-0.006364,0.024827,0.027384,0.061740,-0.158219,0.057055,0.021863,0.051068,0.449041,0.240191,0.131979,-0.177719,0.025167,0.109758,0.084219,-0.033835,-0.023298,0.008780,0.029051,0.046429
0.031118,-0.004833,-0.027470,0.004151,0.025761,0.085358,-0.085940,-0.049962,0.031476,0.036403,-0.104443,0.187683,-0.099244,-0.029538,0.035214,-0.001839,-0.177456,0.209937,0.590262,0.217289,-0.035967,-0.078058,0.138430,0.066562,-0.056547,0.008409,0.028640,-0.016341,0.051271
-0.006657,0.043056,-0.058801,0.044706,0.035950,0.018834,-0.061872,-0.049606,0.088767,-0.070458,0.067647,-0.017370,-0.033439,-0.019926,0.043952,-0.007364,-0.138643,0.055682,0.166782,0.597069,0.222953,-0.110667,0.021039,0.178124,-0.047517,-0.094440,0.069806,-0.014330,0.027907
-0.002386,0.009561,-0.015942,0.019122,0.070743,-0.063274,0.025854,-0.078139,0.039425,0.060239,-0.062851,0.078867,-0.086180,-0.066339,0.049520,0.074008,-0.100748,-0.063633,0.037773,0.343044,0.458413,0.084782,0.111162,0.084796,-0.072157,-0.103236,0.009179,0.062759,0.058510
0.037223,-0.048643,0.006092,0.057569,-0.011250,-0.021427,0.002200,-0.083781,0.124727,-0.016788,-0.016795,0.049775,-0.116411,-0.078368,0.090848,0.056011,-0.123919,0.075931,0.025931,0.065559,0.102368,0.469445,0.348533,0.035714,-0.176285,-0.028858,-0.011263,0.035740,0.177564
0.014702,-0.045020,0.079292,0.007490,-0.079861,0.069911,-0.062205,-0.049673,0.102076,0.026567,0.004401,-0.008939,-0.111814,-0.096781,0.067230,0.076023,-0.030952,0.012462,0.084704,0.016132,-0.064462,0.134262,0.662622,0.225191,-0.146036,-0.062426,0.051645,0.046586,-0.025612
-0.018837,-0.008121,0.106148,-0.047533,-0.069972,0.089830,-0.077878,-0.028957,0.044431,0.113639,-0.021402,-0.047852,-0.069725,-0.112283,0.035711,0.101430,-0.013286,0.020155,-0.002586,0.174218,-0.084042,-0.124205,0.273987,0.552267,0.132780,-0.059265,0.035802,-0.009085,-0.017017
-0.000105,-0.014120,0.091157,-0.052446,-0.021927,-0.014472,0.012898,-0.079406,0.101658,0.098784,-0.089189,0.032912,-0.097682,-0.134557,0.080867,0.130445,-0.101497,0.055113,0.039344,0.127415,-0.059377,-0.144112,0.022950,0.211900,0.473885,0.229831,-0.028156,-0.056947,0.155051
0.019580,0.013885,-0.028434,0.061850,-0.075164,-0.033377,0.061868,-0.062177,0.082593,0.040586,-0.092782,0.097362,-0.133430,-0.078800,0.068275,0.049357,-0.010165,-0.002376,0.113017,0.046941,-0.114199,-0.029643,0.020481,-0.066177,0.242671,0.467597,0.238517,0.008383,-0.003649
0.031041,0.001744,-0.034468,0.061219,-0.068994,-0.022355,0.036787,-0.013991,0.034318,0.020426,-0.024339,-0.006057,-0.075943,0.039042,-0.048771,0.003605,0.096775,-0.039459,0.052133,0.060521,-0.085848,-0.023119,0.054739,-0.058319,-0.039874,0.233609,0.462314,0.397284,-0.212514
0.056112,-0.071065,0.050097,-0.011774,-0.032371,-0.019451,0.015515,0.022823,-0.004782,0.018292,-0.022083,0.041220,-0.095179,0.028900,-0.014431,0.006764,0.015286,0.038493,0.012556,-0.027693,-0.017311,0.066754,0.010248,-0.098578,0.008213,-0.043253,0.240525,0.663393,0.027257
0.000811,0.002287,0.011039,0.003896,-0.052179,0.061957,-0.050749,0.029740,-0.044571,0.077772,-0.065493,0.114444,-0.193305,0.139677,-0.068006,-0.012330,0.052373,0.001401,0.020381,-0.040830,-0.052881,0.194492,-0.100762,-0.131026,0.169491,0.003456,-0.104056,0.141647,0.647128
