1.5953633874729016
1.7424656150826647
2.1204779685936552
2.2837653226941304
2.4632206014358293
2.7300646011437464
2.738880225476819
3.4169802254808705
3.838947367743905
4.467531414675502
4.9554714934123725
5.523784699305804
5.239228856111093
7.073849176889334
7.810606352864662
9.134205450096234
11.080962058324037
12.2995388925969
17.03397774812378
18.526426428189808
21.63507036136666
24.550958959789973
33.875006952092
29.52752645693291
37.83685639244142
42.54408469619884
46.19674569483418
50.43586253114407
37.681785437597334